atom_coord_list	[[-11.55, -12.76, -46.112], [-12.053, -14.12, -45.695], [-13.415, -13.96, -45.031], [-13.9, -15.23, -44.587], [-13.29, -13.01, -43.849], [-12.682, -11.69, -44.313], [-11.404, -11.94, -44.944], [-12.504, -12.15, -47.066], [-12.195, -14.91, -46.855], [-14.602, -12.78, -43.313], [-11.911, -16.74, -40.835], [-12.02, -15.75, -41.941], [-9.628, -11.27, -42.479], [-9.694, -9.83, -42.255], [-10.955, -9.58, -41.431], [-11.915, -8.95, -41.881], [-12.857, -12.45, -40.171], [-13.901, -12.17, -40.709], [-12.15, -13.36, -40.533]]

atomtype_id_list	[3, 3, 3, 18, 3, 3, 21, 18, 18, 18, 4, 13, 11, 1, 8, 17, 7, 20, 20]

polartype_list	['in-polar', 'in-polar', 'in-polar', 'polar', 'in-polar', 'in-polar', 'polar', 'polar', 'polar', 'polar', 'in-polar', 'polar', 'polar', 'in-polar', 'in-polar', 'polar', 'in-polar', 'polar', 'polar']

residue_id_list	['XYS_0', 'XYS_0', 'XYS_0', 'XYS_0', 'XYS_0', 'XYS_0', 'XYS_0', 'XYS_0', 'XYS_0', 'XYS_0', 'LYS_214', 'LYS_214', 'GLY_240', 'GLY_240', 'GLY_240', 'GLY_240', 'ASP_241', 'ASP_241', 'ASP_241']

atompiece_list	[14, 14, 14, 15, 14, 14, 14, 15, 15, 15, 10, 10, 12, 12, 12, 12, 11, 11, 11]

atompos_list	[1, 1, 1, 2, 1, 1, 1, 3, 4, 5, 6, 6, 7, 7, 7, 7, 8, 8, 8]

piece_list	[0, 14, 15, 15, 15, 15, 10, 12, 11, 0]

atom_number	19

CH_pi_info	[]

clean_pairwise_matrix	[[0, 0, 0, 1, 1, 1, 2, 2, 2, 3, 3, 4, 4, 4, 5, 5, 6, 6, 6, 7, 8, 9, 9, 10, 11, 11, 11, 12, 12, 13, 13, 14, 14, 15, 16, 16, 17, 17, 18, 18], [1, 6, 7, 0, 2, 8, 1, 3, 4, 2, 11, 2, 5, 9, 4, 6, 0, 5, 12, 0, 1, 4, 17, 11, 3, 10, 18, 6, 13, 12, 14, 13, 15, 14, 17, 18, 9, 16, 11, 16]]

clean_interacting_list	[[1, 0, 0], [1, 0, 0], [1, 0, 0], [1, 0, 0], [1, 0, 0], [1, 0, 0], [1, 0, 0], [1, 0, 0], [1, 0, 0], [1, 0, 0], [0, 1, 0], [1, 0, 0], [1, 0, 0], [1, 0, 0], [1, 0, 0], [1, 0, 0], [1, 0, 0], [1, 0, 0], [0, 1, 0], [1, 0, 0], [1, 0, 0], [1, 0, 0], [0, 1, 0], [1, 0, 0], [0, 1, 0], [1, 0, 0], [0, 1, 0], [0, 1, 0], [1, 0, 0], [1, 0, 0], [1, 0, 0], [1, 0, 0], [1, 0, 0], [1, 0, 0], [1, 0, 0], [1, 0, 0], [0, 1, 0], [1, 0, 0], [0, 1, 0], [1, 0, 0]]

aa_contact_list	[0, 0, 0, 0, 0, 0, 0, 0, 0, 0, 0, 0, 0, 0, 0, 0, 0, 0, 0, 0, 0, 0, 0, 0, 0, 0, 0, 0, 0, 0, 0, 0, 0, 0, 0, 0, 0, 0, 0, 0, 0, 0, 0, 0, 0, 0, 0, 0, 0, 0, 0, 0, 0, 0, 0, 0, 0, 0, 0, 0, 0, 0, 0, 0, 0, 0, 0, 0, 0, 0, 0, 0, 0, 0, 0, 0, 0, 0, 0, 0, 0, 0, 0, 0, 0, 0, 0, 0, 0, 0, 0, 0, 0, 0, 0, 0, 0, 0, 0, 0, 0, 0, 0, 0, 0, 0, 0, 0, 0, 0, 0, 0, 0, 0, 0, 0, 0, 0, 0, 0, 0, 0, 0, 0, 0, 0, 0, 0, 0, 0, 0, 0, 0, 0, 0, 0, 0, 0, 0, 0, 0, 0, 0, 0, 0, 0, 0, 0, 0, 0, 0, 0, 0, 0, 0, 0, 0, 0, 0, 0, 0, 0, 0, 0, 0, 0, 0, 0, 0, 0, 0, 0, 0, 0, 0, 0, 0, 0, 0, 0, 0, 0, 0, 0, 0, 0, 0, 0, 0, 0, 0, 0, 0, 0, 0, 0, 0, 0, 0, 0, 0, 0, 0, 0, 0, 0, 0, 0, 0, 0, 0, 0, 0, 0, 0, 1, 0, 0, 0, 0, 0, 0, 0, 0, 0, 0, 0, 0, 0, 0, 0, 0, 0, 0, 0, 0, 0, 0, 0, 0, 0, 0, 0, 0, 0, 0, 0, 0, 0, 0, 0, 0, 0, 0, 0, 0, 0, 0, 0, 0, 0, 0, 0, 0, 0, 0, 0, 0, 0, 0, 0, 0, 0, 0, 0, 0, 0, 0, 0, 0, 0, 0, 0, 0, 0, 0, 0, 0, 0, 0, 0, 0, 0, 0, 0, 0, 0, 0, 0, 0, 0, 0, 0, 0, 0, 0, 0, 0, 0, 0, 0, 0, 0, 0, 0, 0, 0, 0, 0, 0, 0, 0, 0, 0, 0, 0, 0, 0, 0, 0, 0, 0, 0, 0, 0, 1, 0, 0, 0, 0, 0, 0]

edge_select	[[[0, 0, 0, 0, 0, 0, 0, 1, 1, 0, 0, 0, 0, 0, 0, 0, 0, 0, 0], [0, 0, 0, 1, 0, 0, 0, 1, 1, 0, 0, 0, 0, 0, 0, 0, 0, 0, 0], [0, 0, 0, 1, 0, 0, 0, 1, 1, 1, 0, 0, 0, 0, 0, 0, 0, 0, 0], [0, 1, 1, 0, 1, 0, 0, 0, 1, 1, 0, 1, 0, 0, 0, 0, 0, 0, 0], [0, 0, 0, 1, 0, 0, 0, 1, 0, 1, 0, 0, 0, 0, 0, 0, 0, 1, 0], [0, 0, 0, 0, 0, 0, 0, 1, 0, 1, 0, 0, 0, 0, 0, 0, 0, 0, 0], [0, 0, 0, 0, 0, 0, 0, 1, 0, 0, 0, 0, 1, 0, 0, 0, 0, 0, 0], [1, 1, 1, 0, 1, 1, 1, 0, 1, 0, 0, 0, 0, 0, 0, 0, 0, 0, 0], [1, 1, 1, 1, 0, 0, 0, 1, 0, 0, 0, 0, 0, 0, 0, 0, 0, 0, 0], [0, 0, 1, 1, 1, 1, 0, 0, 0, 0, 0, 0, 0, 0, 0, 0, 0, 1, 0], [0, 0, 0, 0, 0, 0, 0, 0, 0, 0, 0, 0, 0, 0, 0, 0, 0, 0, 1], [0, 0, 0, 1, 0, 0, 0, 0, 0, 0, 0, 0, 0, 0, 0, 0, 0, 0, 1], [0, 0, 0, 0, 0, 0, 1, 0, 0, 0, 0, 0, 0, 0, 0, 0, 0, 0, 0], [0, 0, 0, 0, 0, 0, 0, 0, 0, 0, 0, 0, 0, 0, 0, 0, 0, 0, 0], [0, 0, 0, 0, 0, 0, 0, 0, 0, 0, 0, 0, 0, 0, 0, 0, 0, 0, 0], [0, 0, 0, 0, 0, 0, 0, 0, 0, 0, 0, 0, 0, 0, 0, 0, 0, 0, 0], [0, 0, 0, 0, 0, 0, 0, 0, 0, 0, 0, 0, 0, 0, 0, 0, 0, 0, 0], [0, 0, 0, 0, 1, 0, 0, 0, 0, 1, 0, 0, 0, 0, 0, 0, 0, 0, 0], [0, 0, 0, 0, 0, 0, 0, 0, 0, 0, 1, 1, 0, 0, 0, 0, 0, 0, 0]]]

edge_select_interacting_list	[[1, 0, 0], [0, 0, 0], [0, 0, 0], [0, 0, 0], [1, 0, 0], [1, 0, 0], [0, 0, 0], [0, 0, 0], [0, 0, 0], [0, 0, 0], [1, 0, 0], [0, 0, 0], [0, 0, 0], [0, 0, 0], [0, 1, 0], [0, 0, 0], [0, 0, 0], [1, 0, 0], [0, 0, 0], [0, 0, 0], [0, 0, 0], [0, 0, 0], [0, 1, 0], [1, 0, 0], [0, 0, 0], [0, 0, 0], [0, 0, 0], [0, 0, 0], [0, 0, 0], [0, 0, 0], [0, 0, 0], [1, 0, 0], [0, 0, 0], [0, 0, 0], [0, 0, 0], [0, 0, 0], [0, 0, 0], [1, 0, 0], [0, 0, 0], [0, 1, 0], [0, 0, 0], [0, 1, 0], [0, 1, 0], [0, 1, 0], [0, 0, 0], [0, 1, 0], [0, 0, 0], [0, 1, 0]]

select_pairwise_matrix	[[0, 0, 1, 1, 1, 2, 2, 2, 2, 3, 3, 3, 3, 3, 3, 4, 4, 4, 4, 5, 5, 6, 6, 7, 7, 7, 7, 7, 7, 7, 8, 8, 8, 8, 8, 9, 9, 9, 9, 9, 10, 11, 11, 12, 17, 17, 18, 18], [7, 8, 3, 7, 8, 3, 7, 8, 9, 1, 2, 4, 8, 9, 11, 3, 7, 9, 17, 7, 9, 7, 12, 0, 1, 2, 4, 5, 6, 8, 0, 1, 2, 3, 7, 2, 3, 4, 5, 17, 18, 3, 18, 6, 4, 9, 10, 11]]

