atom_coord_list	[[-59.009, -16.29, 30.569], [-59.871, -15.37, 31.432], [-59.133, -15.03, 32.71], [-59.99, -14.23, 33.537], [-58.757, -16.3, 33.437], [-57.919, -17.17, 32.52], [-58.666, -17.48, 31.322], [-57.739, -15.61, 30.234], [-60.155, -14.14, 30.739], [-57.987, -15.97, 34.616], [-63.472, -13.6, 31.953], [-62.449, -12.62, 32.41]]

atomtype_id_list	[3, 3, 3, 18, 3, 3, 21, 18, 18, 18, 4, 13]

polartype_list	['in-polar', 'in-polar', 'in-polar', 'polar', 'in-polar', 'in-polar', 'polar', 'polar', 'polar', 'polar', 'in-polar', 'polar']

residue_id_list	['XYS_0', 'XYS_0', 'XYS_0', 'XYS_0', 'XYS_0', 'XYS_0', 'XYS_0', 'XYS_0', 'XYS_0', 'XYS_0', 'LYS_249', 'LYS_249']

atompiece_list	[14, 14, 14, 15, 14, 14, 14, 15, 15, 15, 10, 10]

atompos_list	[1, 1, 1, 2, 1, 1, 1, 3, 4, 5, 6, 6]

piece_list	[0, 14, 15, 15, 15, 15, 10, 0]

atom_number	12

CH_pi_info	[]

clean_pairwise_matrix	[[0, 0, 0, 1, 1, 1, 2, 2, 2, 3, 3, 4, 4, 4, 5, 5, 6, 6, 7, 8, 8, 9, 10, 11, 11, 11], [1, 6, 7, 0, 2, 8, 1, 3, 4, 2, 11, 2, 5, 9, 4, 6, 0, 5, 0, 1, 11, 4, 11, 3, 8, 10]]

clean_interacting_list	[[1, 0, 0], [1, 0, 0], [1, 0, 0], [1, 0, 0], [1, 0, 0], [1, 0, 0], [1, 0, 0], [1, 0, 0], [1, 0, 0], [1, 0, 0], [0, 1, 0], [1, 0, 0], [1, 0, 0], [1, 0, 0], [1, 0, 0], [1, 0, 0], [1, 0, 0], [1, 0, 0], [1, 0, 0], [1, 0, 0], [0, 1, 0], [1, 0, 0], [1, 0, 0], [0, 1, 0], [0, 1, 0], [1, 0, 0]]

aa_contact_list	[0, 0, 0, 0, 0, 0, 0, 0, 0, 0, 0, 0, 0, 0, 0, 0, 0, 0, 0, 0, 0, 0, 0, 0, 0, 0, 0, 0, 0, 0, 0, 0, 0, 0, 0, 0, 0, 0, 0, 0, 0, 0, 0, 0, 0, 0, 0, 0, 0, 0, 0, 0, 0, 0, 0, 0, 0, 0, 0, 0, 0, 0, 0, 0, 0, 0, 0, 0, 0, 0, 0, 0, 0, 0, 0, 0, 0, 0, 0, 0, 0, 0, 0, 0, 0, 0, 0, 0, 0, 0, 0, 0, 0, 0, 0, 0, 0, 0, 0, 0, 0, 0, 0, 0, 0, 0, 0, 0, 0, 0, 0, 0, 0, 0, 0, 0, 0, 0, 0, 0, 0, 0, 0, 0, 0, 0, 0, 0, 0, 0, 0, 0]

edge_select	[[[0, 0, 0, 0, 0, 0, 0, 1, 1, 0, 0, 0], [0, 0, 0, 1, 0, 0, 0, 1, 1, 0, 0, 0], [0, 0, 0, 1, 0, 0, 0, 1, 1, 1, 0, 0], [0, 1, 1, 0, 1, 0, 0, 0, 1, 1, 0, 1], [0, 0, 0, 1, 0, 0, 0, 1, 0, 1, 0, 0], [0, 0, 0, 0, 0, 0, 0, 1, 0, 1, 0, 0], [0, 0, 0, 0, 0, 0, 0, 1, 0, 0, 0, 0], [1, 1, 1, 0, 1, 1, 1, 0, 1, 0, 0, 0], [1, 1, 1, 1, 0, 0, 0, 1, 0, 0, 0, 1], [0, 0, 1, 1, 1, 1, 0, 0, 0, 0, 0, 0], [0, 0, 0, 0, 0, 0, 0, 0, 0, 0, 0, 0], [0, 0, 0, 1, 0, 0, 0, 0, 1, 0, 0, 0]]]

edge_select_interacting_list	[[1, 0, 0], [0, 0, 0], [0, 0, 0], [0, 0, 0], [1, 0, 0], [1, 0, 0], [0, 0, 0], [0, 0, 0], [0, 0, 0], [0, 0, 0], [1, 0, 0], [0, 0, 0], [0, 0, 0], [0, 0, 0], [0, 1, 0], [0, 0, 0], [0, 0, 0], [1, 0, 0], [0, 0, 0], [0, 0, 0], [0, 0, 0], [1, 0, 0], [0, 0, 0], [0, 0, 0], [0, 0, 0], [0, 0, 0], [0, 0, 0], [0, 0, 0], [0, 0, 0], [1, 0, 0], [0, 0, 0], [0, 0, 0], [0, 0, 0], [0, 1, 0], [0, 0, 0], [0, 0, 0], [1, 0, 0], [0, 0, 0], [0, 1, 0], [0, 1, 0]]

select_pairwise_matrix	[[0, 0, 1, 1, 1, 2, 2, 2, 2, 3, 3, 3, 3, 3, 3, 4, 4, 4, 5, 5, 6, 7, 7, 7, 7, 7, 7, 7, 8, 8, 8, 8, 8, 8, 9, 9, 9, 9, 11, 11], [7, 8, 3, 7, 8, 3, 7, 8, 9, 1, 2, 4, 8, 9, 11, 3, 7, 9, 7, 9, 7, 0, 1, 2, 4, 5, 6, 8, 0, 1, 2, 3, 7, 11, 2, 3, 4, 5, 3, 8]]

