atom_coord_list	[[25.436, 15.66, -2.049], [24.638, 16.15, -3.285], [24.446, 17.65, -3.104], [23.52, 18.25, -3.931], [25.745, 18.38, -3.281], [26.874, 17.68, -2.605], [26.691, 16.3, -2.234], [23.493, 15.39, -3.319], [25.387, 19.65, -2.691], [24.428, 14.79, -0.105], [24.71, 15.99, -0.894]]

atomtype_id_list	[3, 3, 3, 18, 3, 3, 21, 18, 18, 3, 18]

polartype_list	['in-polar', 'in-polar', 'in-polar', 'polar', 'in-polar', 'in-polar', 'polar', 'polar', 'polar', 'in-polar', 'polar']

residue_id_list	['XYS_0', 'XYS_0', 'XYS_0', 'XYS_0', 'XYS_0', 'XYS_0', 'XYS_0', 'XYS_0', 'XYS_0', 'THR_7', 'THR_7']

atompiece_list	[14, 14, 14, 15, 14, 14, 14, 15, 15, 1, 1]

atompos_list	[1, 1, 1, 2, 1, 1, 1, 3, 4, 5, 5]

piece_list	[0, 14, 15, 15, 15, 1, 0]

atom_number	11

CH_pi_info	[]

clean_pairwise_matrix	[[0, 0, 0, 0, 1, 1, 1, 1, 2, 2, 2, 3, 4, 4, 4, 5, 5, 6, 6, 6, 7, 7, 8, 9, 9, 9, 10, 10, 10, 10], [1, 6, 9, 10, 0, 2, 7, 9, 1, 3, 4, 2, 2, 5, 8, 4, 6, 0, 5, 10, 1, 10, 4, 0, 1, 10, 0, 6, 7, 9]]

clean_interacting_list	[[1, 0, 0], [1, 0, 0], [0, 1, 0], [1, 0, 0], [1, 0, 0], [1, 0, 0], [1, 0, 0], [0, 1, 0], [1, 0, 0], [1, 0, 0], [1, 0, 0], [1, 0, 0], [1, 0, 0], [1, 0, 0], [1, 0, 0], [1, 0, 0], [1, 0, 0], [1, 0, 0], [1, 0, 0], [0, 1, 0], [1, 0, 0], [0, 1, 0], [1, 0, 0], [0, 1, 0], [0, 1, 0], [1, 0, 0], [1, 0, 0], [0, 1, 0], [0, 1, 0], [1, 0, 0]]

aa_contact_list	[0, 0, 0, 0, 0, 0, 0, 0, 0, 0, 0, 0, 0, 0, 0, 0, 0, 0, 0, 0, 0, 0, 0, 0, 0, 0, 0, 0, 0, 0, 0, 0, 0, 0, 0, 0, 0, 0, 0, 0, 0, 0, 0, 0, 0, 0, 0, 0, 0, 0, 0, 0, 0, 0, 0, 0, 0, 0, 0, 0, 0, 0, 0, 0, 0, 0, 0, 0, 0, 0, 0, 0, 0, 0, 0, 0, 0, 0, 0, 0, 0, 0, 0, 0, 0, 0, 0, 0, 0, 0, 0, 0, 0, 0, 0, 0, 0, 0, 0, 0, 0, 0, 0, 0, 0, 0, 0, 0, 0, 0]

edge_select	[[[0, 0, 0, 0, 0, 0, 0, 1, 0, 1, 1], [0, 0, 0, 1, 0, 0, 0, 1, 0, 1, 1], [0, 0, 0, 1, 0, 0, 0, 1, 1, 0, 1], [0, 1, 1, 0, 1, 0, 0, 1, 1, 0, 0], [0, 0, 0, 1, 0, 0, 0, 0, 1, 0, 0], [0, 0, 0, 0, 0, 0, 0, 0, 1, 0, 1], [0, 0, 0, 0, 0, 0, 0, 1, 0, 1, 1], [1, 1, 1, 1, 0, 0, 1, 0, 0, 1, 1], [0, 0, 1, 1, 1, 1, 0, 0, 0, 0, 0], [1, 1, 0, 0, 0, 0, 1, 1, 0, 0, 0], [1, 1, 1, 0, 0, 1, 1, 1, 0, 0, 0]]]

edge_select_interacting_list	[[0, 0, 0], [0, 1, 0], [1, 0, 0], [0, 0, 0], [1, 0, 0], [0, 1, 0], [0, 0, 0], [1, 0, 0], [0, 0, 0], [0, 0, 0], [0, 0, 0], [0, 0, 0], [1, 0, 0], [0, 0, 0], [0, 0, 0], [0, 0, 0], [0, 0, 0], [1, 0, 0], [0, 0, 0], [0, 0, 0], [0, 0, 0], [0, 0, 0], [0, 1, 0], [0, 0, 0], [1, 0, 0], [0, 0, 0], [0, 0, 0], [0, 0, 0], [0, 0, 0], [0, 1, 0], [0, 0, 0], [0, 0, 0], [1, 0, 0], [0, 0, 0], [0, 1, 0], [0, 1, 0], [0, 0, 0], [0, 0, 0], [1, 0, 0], [0, 0, 0], [0, 0, 0], [0, 0, 0], [0, 1, 0], [0, 1, 0]]

select_pairwise_matrix	[[0, 0, 0, 1, 1, 1, 1, 2, 2, 2, 2, 3, 3, 3, 3, 3, 4, 4, 5, 5, 6, 6, 6, 7, 7, 7, 7, 7, 7, 7, 8, 8, 8, 8, 9, 9, 9, 9, 10, 10, 10, 10, 10, 10], [7, 9, 10, 3, 7, 9, 10, 3, 7, 8, 10, 1, 2, 4, 7, 8, 3, 8, 8, 10, 7, 9, 10, 0, 1, 2, 3, 6, 9, 10, 2, 3, 4, 5, 0, 1, 6, 7, 0, 1, 2, 5, 6, 7]]

