atom_coord_list	[[-7.461, -3.21, 69.106], [-8.509, -3.07, 70.182], [-9.235, -4.38, 70.142], [-10.224, -4.49, 71.208], [-9.913, -4.6, 68.815], [-9.178, -4.05, 67.579], [-8.223, -2.95, 67.853], [-7.861, -2.76, 71.445], [-10.042, -6.0, 68.601], [-9.976, -4.52, 63.698], [-10.793, -3.58, 63.228], [-10.297, -5.29, 64.609], [-3.814, -4.39, 68.559], [-4.234, -3.95, 69.877], [-3.166, -4.37, 70.874], [-2.668, -5.5, 70.79], [-5.588, -4.58, 70.263], [-6.574, -4.25, 69.298]]

atomtype_id_list	[3, 3, 3, 18, 3, 3, 21, 18, 18, 6, 9, 19, 11, 1, 8, 17, 4, 18]

polartype_list	['in-polar', 'in-polar', 'in-polar', 'polar', 'in-polar', 'in-polar', 'polar', 'polar', 'polar', 'in-polar', 'polar', 'polar', 'polar', 'in-polar', 'in-polar', 'polar', 'in-polar', 'polar']

residue_id_list	['XYS_0', 'XYS_0', 'XYS_0', 'XYS_0', 'XYS_0', 'XYS_0', 'XYS_0', 'XYS_0', 'XYS_0', 'GLN_85', 'GLN_85', 'GLN_85', 'GLY_87', 'GLY_87', 'GLY_87', 'GLY_87', 'SER_87', 'SER_87']

atompiece_list	[14, 14, 14, 15, 14, 14, 14, 15, 15, 2, 2, 2, 12, 12, 12, 12, 1, 1]

atompos_list	[1, 1, 1, 2, 1, 1, 1, 3, 4, 5, 5, 5, 6, 6, 6, 6, 7, 7]

piece_list	[0, 14, 15, 15, 15, 2, 12, 1, 0]

atom_number	18

CH_pi_info	[]

clean_pairwise_matrix	[[0, 0, 0, 0, 0, 1, 1, 1, 1, 2, 2, 2, 3, 4, 4, 4, 5, 5, 6, 6, 6, 7, 7, 8, 9, 9, 10, 11, 12, 12, 13, 13, 13, 13, 14, 14, 14, 15, 16, 16, 16, 16, 16, 17, 17, 17, 17, 17], [1, 6, 13, 16, 17, 0, 2, 7, 16, 1, 3, 4, 2, 2, 5, 8, 4, 6, 0, 5, 17, 1, 17, 4, 10, 11, 9, 9, 13, 17, 0, 12, 14, 16, 13, 15, 16, 14, 0, 1, 13, 14, 17, 0, 6, 7, 12, 16]]

clean_interacting_list	[[1, 0, 0], [1, 0, 0], [0, 1, 0], [0, 1, 0], [1, 0, 0], [1, 0, 0], [1, 0, 0], [1, 0, 0], [0, 1, 0], [1, 0, 0], [1, 0, 0], [1, 0, 0], [1, 0, 0], [1, 0, 0], [1, 0, 0], [1, 0, 0], [1, 0, 0], [1, 0, 0], [1, 0, 0], [1, 0, 0], [0, 1, 0], [1, 0, 0], [0, 1, 0], [1, 0, 0], [1, 0, 0], [1, 0, 0], [1, 0, 0], [1, 0, 0], [1, 0, 0], [0, 1, 0], [0, 1, 0], [1, 0, 0], [1, 0, 0], [1, 0, 0], [1, 0, 0], [1, 0, 0], [0, 1, 0], [1, 0, 0], [0, 1, 0], [0, 1, 0], [1, 0, 0], [0, 1, 0], [1, 0, 0], [1, 0, 0], [0, 1, 0], [0, 1, 0], [0, 1, 0], [1, 0, 0]]

aa_contact_list	[0, 0, 0, 0, 0, 0, 0, 0, 0, 0, 0, 0, 0, 0, 0, 0, 0, 0, 0, 0, 0, 0, 0, 0, 0, 0, 0, 0, 0, 0, 0, 0, 0, 0, 0, 0, 0, 0, 0, 0, 0, 0, 0, 0, 0, 0, 0, 0, 0, 0, 0, 0, 0, 0, 0, 0, 0, 0, 0, 0, 0, 0, 0, 0, 0, 0, 0, 0, 0, 0, 0, 0, 0, 0, 0, 0, 0, 0, 0, 0, 0, 0, 0, 0, 0, 0, 0, 0, 0, 0, 0, 0, 0, 0, 0, 0, 0, 0, 0, 0, 0, 0, 0, 0, 0, 0, 0, 0, 0, 0, 0, 0, 0, 0, 0, 0, 0, 0, 0, 0, 0, 0, 0, 0, 0, 0, 0, 0, 0, 0, 0, 0, 0, 0, 0, 0, 0, 0, 0, 0, 0, 0, 0, 0, 0, 0, 0, 0, 0, 0, 0, 0, 0, 0, 0, 0, 0, 0, 0, 0, 0, 0, 0, 0, 0, 0, 0, 0, 0, 0, 0, 0, 0, 0, 0, 0, 0, 0, 0, 0, 0, 0, 0, 0, 0, 0, 0, 0, 0, 0, 0, 0, 0, 0, 0, 0, 0, 0, 0, 0, 0, 0, 0, 0, 0, 0, 0, 0, 0, 0, 0, 0, 0, 0, 0, 0, 0, 0, 0, 0, 1, 0, 0, 0, 0, 0, 0, 0, 0, 0, 0, 0, 0, 0, 0, 0, 0, 0, 0, 0, 0, 0, 0, 0, 0, 0, 0, 0, 0, 0, 0, 0, 0, 1, 0, 0, 0, 0, 0, 0, 0, 0, 0, 0, 0, 0, 0, 0, 0, 0, 0, 0, 0, 0, 0, 0, 0, 0, 0, 0, 0, 0, 0, 0, 0, 0, 1, 0, 0, 0, 0, 0, 0, 0, 0, 0, 0, 0, 0, 0, 0, 1, 0, 0, 0, 0]

edge_select	[[[0, 0, 0, 0, 0, 0, 0, 1, 0, 0, 0, 0, 0, 1, 0, 0, 1, 1], [0, 0, 0, 1, 0, 0, 0, 1, 0, 0, 0, 0, 0, 0, 0, 0, 1, 1], [0, 0, 0, 1, 0, 0, 0, 1, 1, 0, 0, 0, 0, 0, 0, 0, 0, 1], [0, 1, 1, 0, 1, 0, 0, 1, 1, 0, 0, 0, 0, 0, 0, 0, 0, 0], [0, 0, 0, 1, 0, 0, 0, 0, 1, 0, 0, 0, 0, 0, 0, 0, 0, 1], [0, 0, 0, 0, 0, 0, 0, 0, 1, 0, 0, 1, 0, 0, 0, 0, 0, 1], [0, 0, 0, 0, 0, 0, 0, 0, 0, 0, 0, 0, 0, 0, 0, 0, 0, 1], [1, 1, 1, 1, 0, 0, 0, 0, 0, 0, 0, 0, 0, 0, 0, 0, 1, 1], [0, 0, 1, 1, 1, 1, 0, 0, 0, 0, 0, 0, 0, 0, 0, 0, 0, 0], [0, 0, 0, 0, 0, 0, 0, 0, 0, 0, 0, 0, 0, 0, 0, 0, 0, 0], [0, 0, 0, 0, 0, 0, 0, 0, 0, 0, 0, 0, 0, 0, 0, 0, 0, 0], [0, 0, 0, 0, 0, 1, 0, 0, 0, 0, 0, 0, 0, 0, 0, 0, 0, 0], [0, 0, 0, 0, 0, 0, 0, 0, 0, 0, 0, 0, 0, 0, 0, 0, 1, 1], [1, 0, 0, 0, 0, 0, 0, 0, 0, 0, 0, 0, 0, 0, 0, 0, 1, 1], [0, 0, 0, 0, 0, 0, 0, 0, 0, 0, 0, 0, 0, 0, 0, 0, 1, 0], [0, 0, 0, 0, 0, 0, 0, 0, 0, 0, 0, 0, 0, 0, 0, 0, 1, 0], [1, 1, 0, 0, 0, 0, 0, 1, 0, 0, 0, 0, 1, 1, 1, 1, 0, 0], [1, 1, 1, 0, 1, 1, 1, 1, 0, 0, 0, 0, 1, 1, 0, 0, 0, 0]]]

edge_select_interacting_list	[[0, 0, 0], [0, 1, 0], [0, 1, 0], [1, 0, 0], [0, 0, 0], [1, 0, 0], [0, 1, 0], [0, 0, 0], [1, 0, 0], [0, 0, 0], [0, 0, 0], [0, 0, 0], [0, 0, 0], [1, 0, 0], [0, 0, 0], [0, 0, 0], [0, 0, 0], [0, 0, 0], [1, 0, 0], [0, 0, 0], [0, 0, 0], [0, 0, 0], [0, 0, 0], [0, 1, 0], [0, 0, 0], [1, 0, 0], [0, 0, 0], [0, 0, 0], [0, 0, 0], [0, 1, 0], [0, 0, 0], [0, 0, 0], [1, 0, 0], [0, 0, 0], [0, 0, 0], [0, 0, 0], [0, 1, 0], [0, 1, 0], [1, 0, 0], [0, 0, 0], [0, 1, 0], [0, 0, 0], [0, 1, 0], [0, 1, 0], [0, 0, 0], [0, 0, 0], [1, 0, 0], [0, 1, 0], [0, 0, 0], [1, 0, 0], [0, 0, 0], [0, 0, 0], [0, 0, 0], [0, 0, 0], [0, 1, 0], [0, 1, 0], [0, 1, 0], [0, 0, 0]]

select_pairwise_matrix	[[0, 0, 0, 0, 1, 1, 1, 1, 2, 2, 2, 2, 3, 3, 3, 3, 3, 4, 4, 4, 5, 5, 5, 6, 7, 7, 7, 7, 7, 7, 8, 8, 8, 8, 11, 12, 12, 13, 13, 13, 14, 15, 16, 16, 16, 16, 16, 16, 16, 17, 17, 17, 17, 17, 17, 17, 17, 17], [7, 13, 16, 17, 3, 7, 16, 17, 3, 7, 8, 17, 1, 2, 4, 7, 8, 3, 8, 17, 8, 11, 17, 17, 0, 1, 2, 3, 16, 17, 2, 3, 4, 5, 5, 16, 17, 0, 16, 17, 16, 16, 0, 1, 7, 12, 13, 14, 15, 0, 1, 2, 4, 5, 6, 7, 12, 13]]

