atom_coord_list	[[-2.225, 24.7, 23.653], [-0.917, 25.52, 23.786], [0.362, 24.73, 23.463], [1.424, 25.48, 23.933], [0.301, 23.32, 24.075], [-0.974, 22.61, 23.623], [-2.086, 23.34, 23.395], [-3.253, 25.32, 22.945], [-0.887, 26.74, 23.153], [1.489, 22.57, 23.958], [-3.221, 28.6, 24.436], [-2.917, 29.76, 23.626], [-2.892, 29.48, 22.125], [-2.933, 30.38, 21.361], [-1.564, 30.36, 24.051], [-0.529, 29.39, 23.878], [4.208, 24.12, 21.426], [3.881, 22.91, 21.913], [3.53, 25.22, 21.832]]

atomtype_id_list	[3, 3, 3, 18, 3, 3, 21, 18, 18, 18, 11, 1, 8, 17, 3, 18, 25, 10, 10]

polartype_list	['in-polar', 'in-polar', 'in-polar', 'polar', 'in-polar', 'in-polar', 'polar', 'polar', 'polar', 'polar', 'polar', 'in-polar', 'in-polar', 'polar', 'in-polar', 'polar', 'in-polar', 'polar', 'polar']

residue_id_list	['XYS_0', 'XYS_0', 'XYS_0', 'XYS_0', 'XYS_0', 'XYS_0', 'XYS_0', 'XYS_0', 'XYS_0', 'XYS_0', 'GLY_34', 'GLY_34', 'GLY_34', 'GLY_34', 'THR_34', 'THR_34', 'ARG_246', 'ARG_246', 'ARG_246']

atompiece_list	[14, 14, 14, 15, 14, 14, 14, 15, 15, 15, 12, 12, 12, 12, 1, 1, 8, 8, 8]

atompos_list	[1, 1, 1, 2, 1, 1, 1, 3, 4, 5, 6, 6, 6, 6, 7, 7, 8, 8, 8]

piece_list	[0, 14, 15, 15, 15, 15, 12, 1, 8, 0]

atom_number	19

CH_pi_info	[]

clean_pairwise_matrix	[[0, 0, 0, 1, 1, 1, 2, 2, 2, 3, 3, 4, 4, 4, 5, 5, 6, 6, 7, 8, 8, 8, 9, 9, 10, 10, 10, 11, 11, 11, 12, 12, 12, 13, 14, 14, 14, 15, 15, 15, 16, 16, 17, 17, 18, 18], [1, 6, 7, 0, 2, 8, 1, 3, 4, 2, 18, 2, 5, 9, 4, 6, 0, 5, 0, 1, 10, 15, 4, 17, 8, 11, 15, 10, 12, 14, 11, 13, 14, 12, 11, 12, 15, 8, 10, 14, 17, 18, 9, 16, 3, 16]]

clean_interacting_list	[[1, 0, 0], [1, 0, 0], [1, 0, 0], [1, 0, 0], [1, 0, 0], [1, 0, 0], [1, 0, 0], [1, 0, 0], [1, 0, 0], [1, 0, 0], [0, 1, 0], [1, 0, 0], [1, 0, 0], [1, 0, 0], [1, 0, 0], [1, 0, 0], [1, 0, 0], [1, 0, 0], [1, 0, 0], [1, 0, 0], [0, 1, 0], [0, 1, 0], [1, 0, 0], [0, 1, 0], [0, 1, 0], [1, 0, 0], [0, 1, 0], [1, 0, 0], [1, 0, 0], [1, 0, 0], [1, 0, 0], [1, 0, 0], [0, 1, 0], [1, 0, 0], [1, 0, 0], [0, 1, 0], [1, 0, 0], [0, 1, 0], [0, 1, 0], [1, 0, 0], [1, 0, 0], [1, 0, 0], [0, 1, 0], [1, 0, 0], [0, 1, 0], [1, 0, 0]]

aa_contact_list	[0, 0, 0, 0, 0, 0, 0, 0, 0, 0, 0, 0, 0, 0, 0, 0, 0, 0, 0, 0, 0, 0, 0, 0, 0, 0, 0, 0, 0, 0, 0, 0, 0, 0, 0, 0, 0, 0, 0, 0, 0, 0, 0, 0, 0, 0, 0, 0, 0, 0, 0, 0, 0, 0, 0, 0, 0, 0, 0, 0, 0, 0, 0, 0, 0, 0, 0, 0, 0, 0, 0, 0, 0, 0, 0, 0, 0, 0, 0, 0, 0, 0, 0, 0, 0, 0, 0, 0, 0, 0, 0, 0, 0, 0, 0, 0, 0, 0, 0, 0, 0, 0, 0, 0, 0, 0, 0, 0, 0, 0, 0, 0, 0, 0, 0, 0, 0, 0, 0, 0, 0, 0, 0, 0, 0, 0, 0, 0, 0, 0, 0, 0, 0, 0, 0, 0, 0, 0, 0, 0, 0, 0, 0, 0, 0, 0, 0, 0, 0, 0, 0, 0, 0, 0, 0, 0, 0, 0, 0, 0, 0, 0, 0, 0, 0, 0, 0, 0, 0, 0, 0, 0, 0, 0, 0, 0, 0, 0, 0, 0, 0, 0, 0, 0, 0, 0, 0, 0, 0, 0, 0, 0, 0, 0, 1, 0, 0, 0, 0, 0, 0, 0, 0, 0, 0, 0, 0, 0, 0, 0, 0, 0, 0, 0, 0, 0, 0, 0, 0, 0, 0, 0, 0, 0, 0, 0, 0, 0, 0, 1, 0, 0, 0, 0, 0, 0, 0, 0, 0, 0, 0, 0, 0, 0, 0, 0, 0, 0, 0, 0, 0, 0, 0, 0, 0, 0, 0, 0, 0, 0, 0, 0, 0, 0, 1, 0, 0, 0, 0, 0, 0, 0, 0, 0, 0, 0, 0, 0, 0, 0, 1, 0, 0, 0, 0, 0, 0, 0, 0, 0, 0, 0, 0, 0, 0, 0, 0, 0, 0, 0, 0, 0, 0, 0, 0, 0, 0, 0, 0, 0, 0, 0, 0, 0, 0, 0, 0, 0, 0, 0, 0, 0, 0, 0, 0, 0, 0, 0, 0, 0, 0, 0, 0, 0, 0, 0, 0, 0, 0, 0, 0, 0]

edge_select	[[[0, 0, 0, 0, 0, 0, 0, 1, 1, 0, 0, 0, 0, 0, 0, 0, 0, 0, 0], [0, 0, 0, 1, 0, 0, 0, 1, 1, 0, 0, 0, 0, 0, 0, 0, 0, 0, 0], [0, 0, 0, 1, 0, 0, 0, 0, 1, 1, 0, 0, 0, 0, 0, 0, 0, 0, 0], [0, 1, 1, 0, 1, 0, 0, 0, 1, 1, 0, 0, 0, 0, 0, 0, 0, 0, 1], [0, 0, 0, 1, 0, 0, 0, 0, 0, 1, 0, 0, 0, 0, 0, 0, 0, 0, 0], [0, 0, 0, 0, 0, 0, 0, 0, 0, 1, 0, 0, 0, 0, 0, 0, 0, 0, 0], [0, 0, 0, 0, 0, 0, 0, 1, 0, 0, 0, 0, 0, 0, 0, 0, 0, 0, 0], [1, 1, 0, 0, 0, 0, 1, 0, 1, 0, 0, 0, 0, 0, 0, 0, 0, 0, 0], [1, 1, 1, 1, 0, 0, 0, 1, 0, 0, 1, 0, 0, 0, 0, 1, 0, 0, 0], [0, 0, 1, 1, 1, 1, 0, 0, 0, 0, 0, 0, 0, 0, 0, 0, 0, 1, 0], [0, 0, 0, 0, 0, 0, 0, 0, 1, 0, 0, 0, 0, 0, 1, 1, 0, 0, 0], [0, 0, 0, 0, 0, 0, 0, 0, 0, 0, 0, 0, 0, 0, 1, 1, 0, 0, 0], [0, 0, 0, 0, 0, 0, 0, 0, 0, 0, 0, 0, 0, 0, 1, 1, 0, 0, 0], [0, 0, 0, 0, 0, 0, 0, 0, 0, 0, 0, 0, 0, 0, 1, 0, 0, 0, 0], [0, 0, 0, 0, 0, 0, 0, 0, 0, 0, 1, 1, 1, 1, 0, 0, 0, 0, 0], [0, 0, 0, 0, 0, 0, 0, 0, 1, 0, 1, 1, 1, 0, 0, 0, 0, 0, 0], [0, 0, 0, 0, 0, 0, 0, 0, 0, 0, 0, 0, 0, 0, 0, 0, 0, 0, 0], [0, 0, 0, 0, 0, 0, 0, 0, 0, 1, 0, 0, 0, 0, 0, 0, 0, 0, 0], [0, 0, 0, 1, 0, 0, 0, 0, 0, 0, 0, 0, 0, 0, 0, 0, 0, 0, 0]]]

edge_select_interacting_list	[[1, 0, 0], [0, 0, 0], [0, 0, 0], [0, 0, 0], [1, 0, 0], [1, 0, 0], [0, 0, 0], [0, 0, 0], [0, 0, 0], [1, 0, 0], [0, 0, 0], [0, 0, 0], [0, 0, 0], [0, 1, 0], [0, 0, 0], [1, 0, 0], [0, 0, 0], [0, 0, 0], [1, 0, 0], [0, 0, 0], [0, 0, 0], [0, 0, 0], [0, 0, 0], [1, 0, 0], [0, 0, 0], [0, 0, 0], [0, 0, 0], [0, 1, 0], [0, 1, 0], [0, 0, 0], [0, 0, 0], [1, 0, 0], [0, 0, 0], [0, 1, 0], [0, 1, 0], [0, 0, 0], [0, 1, 0], [1, 0, 0], [0, 0, 0], [0, 1, 0], [0, 0, 0], [0, 0, 0], [0, 0, 0], [1, 0, 0], [0, 1, 0], [0, 0, 0], [0, 1, 0], [0, 1, 0], [0, 0, 0], [0, 0, 0], [0, 1, 0], [0, 1, 0]]

select_pairwise_matrix	[[0, 0, 1, 1, 1, 2, 2, 2, 3, 3, 3, 3, 3, 3, 4, 4, 5, 6, 7, 7, 7, 7, 8, 8, 8, 8, 8, 8, 8, 9, 9, 9, 9, 9, 10, 10, 10, 11, 11, 12, 12, 13, 14, 14, 14, 14, 15, 15, 15, 15, 17, 18], [7, 8, 3, 7, 8, 3, 8, 9, 1, 2, 4, 8, 9, 18, 3, 9, 9, 7, 0, 1, 6, 8, 0, 1, 2, 3, 7, 10, 15, 2, 3, 4, 5, 17, 8, 14, 15, 14, 15, 14, 15, 14, 10, 11, 12, 13, 8, 10, 11, 12, 9, 3]]

