atom_coord_list	[[-17.995, 6.4, 17.673], [-16.95, 6.28, 18.851], [-15.559, 6.05, 18.296], [-14.617, 5.9, 19.363], [-15.612, 4.83, 17.371], [-16.62, 5.07, 16.277], [-17.37, 6.26, 16.417], [-18.685, 7.57, 17.686], [-16.927, 7.42, 19.703], [-14.406, 4.5, 16.823], [-12.112, 7.56, 15.928], [-12.174, 6.61, 16.829], [-12.914, 7.64, 14.991]]

atomtype_id_list	[3, 3, 3, 18, 3, 3, 21, 18, 18, 18, 6, 9, 19]

polartype_list	['in-polar', 'in-polar', 'in-polar', 'polar', 'in-polar', 'in-polar', 'polar', 'polar', 'polar', 'polar', 'in-polar', 'polar', 'polar']

residue_id_list	['XYS_0', 'XYS_0', 'XYS_0', 'XYS_0', 'XYS_0', 'XYS_0', 'XYS_0', 'XYS_0', 'XYS_0', 'XYS_0', 'ASN_198', 'ASN_198', 'ASN_198']

atompiece_list	[14, 14, 14, 15, 14, 14, 14, 15, 15, 15, 2, 2, 2]

atompos_list	[1, 1, 1, 2, 1, 1, 1, 3, 4, 5, 6, 6, 6]

piece_list	[0, 14, 15, 15, 15, 15, 2, 0]

atom_number	13

CH_pi_info	[]

clean_pairwise_matrix	[[0, 0, 0, 1, 1, 1, 2, 2, 2, 3, 4, 4, 4, 5, 5, 6, 6, 7, 8, 9, 9, 10, 10, 11, 11, 12], [1, 6, 7, 0, 2, 8, 1, 3, 4, 2, 2, 5, 9, 4, 6, 0, 5, 0, 1, 4, 11, 11, 12, 9, 10, 10]]

clean_interacting_list	[[1, 0, 0], [1, 0, 0], [1, 0, 0], [1, 0, 0], [1, 0, 0], [1, 0, 0], [1, 0, 0], [1, 0, 0], [1, 0, 0], [1, 0, 0], [1, 0, 0], [1, 0, 0], [1, 0, 0], [1, 0, 0], [1, 0, 0], [1, 0, 0], [1, 0, 0], [1, 0, 0], [1, 0, 0], [1, 0, 0], [0, 1, 0], [1, 0, 0], [1, 0, 0], [0, 1, 0], [1, 0, 0], [1, 0, 0]]

aa_contact_list	[0, 0, 0, 0, 0, 0, 0, 0, 0, 0, 0, 0, 0, 0, 0, 0, 0, 0, 0, 0, 0, 0, 0, 0, 0, 0, 0, 0, 0, 0, 0, 0, 0, 0, 0, 0, 0, 0, 0, 0, 0, 0, 0, 0, 0, 0, 0, 0, 0, 0, 0, 0, 0, 0, 0, 0, 0, 0, 0, 0, 0, 0, 0, 0, 0, 0, 0, 0, 0, 0, 0, 0, 0, 0, 0, 0, 0, 0, 0, 0, 0, 0, 0, 0, 0, 0, 0, 0, 0, 0, 0, 0, 0, 0, 0, 0, 0, 0, 0, 0, 0, 0, 0, 0, 0, 0, 0, 0, 0, 0, 0, 0, 0, 0, 0, 0, 0, 0, 0, 0, 0, 0, 0, 0, 0, 0, 0, 0, 0, 0, 0, 0, 0, 0, 0, 0, 0, 0, 0, 0, 0, 0, 0, 0, 0, 0, 0, 0, 0, 0, 0, 0, 0, 0, 0, 0]

edge_select	[[[0, 0, 0, 0, 0, 0, 0, 1, 1, 0, 0, 0, 0], [0, 0, 0, 1, 0, 0, 0, 1, 1, 0, 0, 0, 0], [0, 0, 0, 1, 0, 0, 0, 0, 1, 1, 0, 0, 0], [0, 1, 1, 0, 1, 0, 0, 0, 1, 1, 0, 0, 0], [0, 0, 0, 1, 0, 0, 0, 0, 0, 1, 0, 0, 0], [0, 0, 0, 0, 0, 0, 0, 0, 0, 1, 0, 0, 0], [0, 0, 0, 0, 0, 0, 0, 1, 0, 1, 0, 0, 0], [1, 1, 0, 0, 0, 0, 1, 0, 1, 0, 0, 0, 0], [1, 1, 1, 1, 0, 0, 0, 1, 0, 0, 0, 0, 0], [0, 0, 1, 1, 1, 1, 1, 0, 0, 0, 0, 1, 0], [0, 0, 0, 0, 0, 0, 0, 0, 0, 0, 0, 0, 0], [0, 0, 0, 0, 0, 0, 0, 0, 0, 1, 0, 0, 0], [0, 0, 0, 0, 0, 0, 0, 0, 0, 0, 0, 0, 0]]]

edge_select_interacting_list	[[1, 0, 0], [0, 0, 0], [0, 0, 0], [0, 0, 0], [1, 0, 0], [1, 0, 0], [0, 0, 0], [0, 0, 0], [0, 0, 0], [1, 0, 0], [0, 0, 0], [0, 0, 0], [0, 0, 0], [0, 0, 0], [1, 0, 0], [0, 0, 0], [0, 0, 0], [0, 0, 0], [1, 0, 0], [0, 0, 0], [0, 0, 0], [0, 0, 0], [0, 0, 0], [1, 0, 0], [0, 0, 0], [0, 0, 0], [0, 0, 0], [0, 0, 0], [0, 0, 0], [1, 0, 0], [0, 0, 0], [0, 0, 0], [0, 1, 0], [0, 1, 0]]

select_pairwise_matrix	[[0, 0, 1, 1, 1, 2, 2, 2, 3, 3, 3, 3, 3, 4, 4, 5, 6, 6, 7, 7, 7, 7, 8, 8, 8, 8, 8, 9, 9, 9, 9, 9, 9, 11], [7, 8, 3, 7, 8, 3, 8, 9, 1, 2, 4, 8, 9, 3, 9, 9, 7, 9, 0, 1, 6, 8, 0, 1, 2, 3, 7, 2, 3, 4, 5, 6, 11, 9]]

