atom_coord_list	[[23.385, 20.47, -12.896], [23.741, 21.06, -14.301], [25.127, 21.73, -14.367], [25.275, 22.42, -15.609], [25.31, 22.76, -13.225], [24.947, 22.07, -11.868], [23.608, 21.48, -11.89], [22.811, 22.04, -14.715], [26.649, 23.21, -13.262], [23.934, 18.44, -11.542], [24.202, 19.35, -12.6]]

atomtype_id_list	[3, 3, 3, 18, 3, 3, 21, 18, 18, 4, 18]

polartype_list	['in-polar', 'in-polar', 'in-polar', 'polar', 'in-polar', 'in-polar', 'polar', 'polar', 'polar', 'in-polar', 'polar']

residue_id_list	['XYS_0', 'XYS_0', 'XYS_0', 'XYS_0', 'XYS_0', 'XYS_0', 'XYS_0', 'XYS_0', 'XYS_0', 'SER_248', 'SER_248']

atompiece_list	[14, 14, 14, 15, 14, 14, 14, 15, 15, 1, 1]

atompos_list	[1, 1, 1, 2, 1, 1, 1, 3, 4, 5, 5]

piece_list	[0, 14, 15, 15, 15, 1, 0]

atom_number	11

CH_pi_info	[]

clean_pairwise_matrix	[[0, 0, 0, 0, 1, 1, 1, 2, 2, 2, 3, 4, 4, 4, 5, 5, 6, 6, 6, 7, 8, 9, 9, 10, 10, 10], [1, 6, 9, 10, 0, 2, 7, 1, 3, 4, 2, 2, 5, 8, 4, 6, 0, 5, 10, 1, 4, 0, 10, 0, 6, 9]]

clean_interacting_list	[[1, 0, 0], [1, 0, 0], [0, 1, 0], [1, 0, 0], [1, 0, 0], [1, 0, 0], [1, 0, 0], [1, 0, 0], [1, 0, 0], [1, 0, 0], [1, 0, 0], [1, 0, 0], [1, 0, 0], [1, 0, 0], [1, 0, 0], [1, 0, 0], [1, 0, 0], [1, 0, 0], [0, 1, 0], [1, 0, 0], [1, 0, 0], [0, 1, 0], [1, 0, 0], [1, 0, 0], [0, 1, 0], [1, 0, 0]]

aa_contact_list	[0, 0, 0, 0, 0, 0, 0, 0, 0, 0, 0, 0, 0, 0, 0, 0, 0, 0, 0, 0, 0, 0, 0, 0, 0, 0, 0, 0, 0, 0, 0, 0, 0, 0, 0, 0, 0, 0, 0, 0, 0, 0, 0, 0, 0, 0, 0, 0, 0, 0, 0, 0, 0, 0, 0, 0, 0, 0, 0, 0, 0, 0, 0, 0, 0, 0, 0, 0, 0, 0, 0, 0, 0, 0, 0, 0, 0, 0, 0, 0, 0, 0, 0, 0, 0, 0, 0, 0, 0, 0, 0, 0, 0, 0, 0, 0, 0, 0, 0, 0, 0, 0, 0, 0, 0, 0, 0, 0, 0, 0]

edge_select	[[[0, 0, 0, 0, 0, 0, 0, 1, 0, 1, 1], [0, 0, 0, 1, 0, 0, 0, 1, 0, 0, 1], [0, 0, 0, 1, 0, 0, 0, 1, 1, 0, 1], [0, 1, 1, 0, 1, 0, 0, 1, 1, 0, 0], [0, 0, 0, 1, 0, 0, 0, 1, 1, 0, 0], [0, 0, 0, 0, 0, 0, 0, 0, 1, 0, 1], [0, 0, 0, 0, 0, 0, 0, 1, 0, 1, 1], [1, 1, 1, 1, 1, 0, 1, 0, 0, 0, 0], [0, 0, 1, 1, 1, 1, 0, 0, 0, 0, 0], [1, 0, 0, 0, 0, 0, 1, 0, 0, 0, 0], [1, 1, 1, 0, 0, 1, 1, 0, 0, 0, 0]]]

edge_select_interacting_list	[[0, 0, 0], [0, 1, 0], [1, 0, 0], [0, 0, 0], [1, 0, 0], [0, 0, 0], [1, 0, 0], [0, 0, 0], [0, 0, 0], [0, 0, 0], [0, 0, 0], [1, 0, 0], [0, 0, 0], [0, 0, 0], [0, 0, 0], [0, 0, 0], [0, 0, 0], [1, 0, 0], [0, 0, 0], [0, 0, 0], [0, 0, 0], [0, 0, 0], [0, 1, 0], [0, 0, 0], [1, 0, 0], [0, 0, 0], [0, 0, 0], [0, 0, 0], [0, 0, 0], [0, 0, 0], [0, 0, 0], [1, 0, 0], [0, 0, 0], [0, 1, 0], [0, 0, 0], [1, 0, 0], [0, 0, 0], [0, 0, 0], [0, 0, 0], [0, 1, 0]]

select_pairwise_matrix	[[0, 0, 0, 1, 1, 1, 2, 2, 2, 2, 3, 3, 3, 3, 3, 4, 4, 4, 5, 5, 6, 6, 6, 7, 7, 7, 7, 7, 7, 8, 8, 8, 8, 9, 9, 10, 10, 10, 10, 10], [7, 9, 10, 3, 7, 10, 3, 7, 8, 10, 1, 2, 4, 7, 8, 3, 7, 8, 8, 10, 7, 9, 10, 0, 1, 2, 3, 4, 6, 2, 3, 4, 5, 0, 6, 0, 1, 2, 5, 6]]

